51625682
26199662
81532543
12500536
27665913
38317637
37085041
55940441
27665913
80967236
97652206
9595871
55940441
9454428
41051122
41051122
4490827
18397598
27665913
76505868
12500536
80967236
27665913
9454428
18397598
37085041
12500536
18397598
36000795
37085041
105822248
18397598
69710538
9454428
82937268
41051122
12500536
80967236
27665913
9454428
18397598
37085041
12712462
18397598
46294744
27665913
18397598
26199662
26199662
82937268
27665913
18397598
46294744
9595871
32791016
26199662
12500536
82937268
37085041
74882262