150570397
31376588
56922464
68487619
106714352
109054701
125596712
34775123
87519381
71955317
58416533
75993378
12681694
53421511
143957183
60070403
22822453
52725974
84466132
53142070
74009884
106327520
109812931
117156624
92124662
119323019
119323019
31748124
61557293
71574672
64400676
109963410
37773739
57363684
62694072
104673854
148715334
30313334
132299244
145240116
5002196
137191043
77684107
42917331
42940990
120500670
118098957
57647653
153412807
13280866
88508490
31414701
118851335
119323019
119323019
128685557
128588312
72409344
94749169
24023875
143529939
15492725
68184992
150833520
139870469
119323019
119323019
92734688
19924729
23114736
3517756
41203858
52213582
14441063
67742068
104112734
119558555
145823970
123840330
19924729
116361877
8422947
151187270
3517756
141908500
112687154
47257495
148378708
130692519
90243898
16024627